100 0.00011498650000000001 0.0002598635 0.0001223815 0.0002732385
400 0.000500263 0.0015062015000000002 0.0005965675 0.0014891869999999999
700 0.0010355935 0.0034924485 0.001010785 0.0032619725
1000 0.001526725 0.0059496925 0.0015372164999999998 0.005818139
1300 0.002282456 0.009454371 0.0029163484999999998 0.009961161999999999
1600 0.003000655 0.0132016155 0.0033775990000000002 0.013672285
1900 0.004278861 0.0175882255 0.0040438495 0.0178152225
2200 0.005026897000000001 0.022594988 0.005064106 0.0225861375
2500 0.0060955945 0.028235985499999998 0.006113266 0.0275552375
2800 0.007350673 0.0350728915 0.0073992685 0.036013199499999995
3100 0.00869111 0.042609337 0.008827102 0.0427789675
3400 0.010221215499999999 0.052928234500000004 0.010244026 0.052476514
3700 0.011716707 0.0613943805 0.011793215 0.061367538
4000 0.013812466499999999 0.07000084200000001 0.0138702305 0.06983995949999999
4300 0.0152902875 0.07977629 0.0154653455 0.080084641
4600 0.0172608625 0.09332792200000001 0.01733547 0.0947563005
4900 0.0192632665 0.1050608495 0.019340035499999998 0.10532546649999999
5200 0.0213729935 0.119367467 0.021589498 0.128473257
5500 0.0241556925 0.1661307195 0.028703566 0.14390386849999998
5800 0.0264367905 0.144110479 0.026424378 0.14430519949999998
6100 0.0292032005 0.16536875550000002 0.029150972499999997 0.16331926349999998
6400 0.0313246805 0.17824462149999998 0.031596741 0.17909896749999998
6700 0.034230522 0.1931178255 0.034416969000000006 0.194259136
7000 0.0373103815 0.216793178 0.03735998 0.21551071100000002
7300 0.0406373585 0.235272667 0.0402478325 0.236044703
7600 0.0432923015 0.25247244 0.0435979395 0.250030038
7900 0.046219353000000005 0.271540806 0.046986206 0.27077057449999997
8200 0.050326139000000006 0.2930607715 0.050260772 0.293315873
8500 0.0536080005 0.3084936655 0.053794550499999996 0.3148207795
8800 0.069445958 0.343675321 0.0572171405 0.32865792699999996
9100 0.064072876 0.33285522 0.058099867 0.3314326165
9400 0.059927038 0.351225905 0.059675214000000004 0.353555288
9700 0.063327987 0.3753783205 0.06438175900000001 0.3896173335
10000 0.0691916205 0.40630363999999997 0.066350451 0.393612622